10000.000 0.100 400
7760.655 5600.978 8028.263 0.000 0.000 0.000 999999453953740374016.000
2744.678 5284.665 5414.867 0.000 0.000 0.000 1000001099778254700544.000
677.573 6509.672 193.380 0.000 0.000 0.000 999999934724219207680.000
2395.769 6437.351 7085.166 0.000 0.000 0.000 1000001081811882213376.000
5503.141 5350.915 7832.254 0.000 0.000 0.000 1000000385201451827200.000
5191.308 5448.076 4460.709 0.000 0.000 0.000 999999027546866057216.000
8547.052 6413.880 2068.850 0.000 0.000 0.000 1000000993244854616064.000
2602.988 4915.111 349.780 0.000 0.000 0.000 999999828151025139712.000
3963.059 7856.307 6374.790 0.000 0.000 0.000 1000001537157238882304.000
1335.705 5712.771 8605.891 0.000 0.000 0.000 1000000588777252323328.000
9805.647 7377.795 4833.490 0.000 0.000 0.000 999998293287149109248.000
8245.164 1135.400 1443.462 0.000 0.000 0.000 1000000046166990127104.000
2536.520 4229.446 1930.380 0.000 0.000 0.000 1000000822733194002432.000
5954.313 2087.571 6351.187 0.000 0.000 0.000 1000000136178654904320.000
1677.654 6505.644 8449.992 0.000 0.000 0.000 1000000800880552443904.000
4508.620 5896.430 1715.932 0.000 0.000 0.000 1000000411032500305920.000
8570.421 4492.213 8022.942 0.000 0.000 0.000 999999898379223826432.000
1035.191 7360.125 1988.942 0.000 0.000 0.000 999999177321316220928.000
6449.538 8115.557 6392.728 0.000 0.000 0.000 999999793392288268288.000
6574.596 6701.035 1379.056 0.000 0.000 0.000 999998964881632264192.000
1589.742 1222.475 3847.736 0.000 0.000 0.000 1000001275812388274176.000
3495.155 446.469 2798.099 0.000 0.000 0.000 1000001148871432077312.000
1670.852 9179.746 3781.267 0.000 0.000 0.000 1000000134833867325440.000
8956.534 9132.556 9934.410 0.000 0.000 0.000 1000000055352082694144.000
6215.668 210.779 5913.200 0.000 0.000 0.000 999999276333168328704.000
1744.150 3867.469 2135.162 0.000 0.000 0.000 1000000536307425345536.000
7013.469 4855.837 5112.221 0.000 0.000 0.000 1000000585796975722496.000
1867.040 9656.267 4936.660 0.000 0.000 0.000 1000000259864189468672.000
7248.999 7211.678 6596.774 0.000 0.000 0.000 1000000086906064863232.000
8174.553 9568.686 1034.043 0.000 0.000 0.000 999997904041654091776.000
549.999 9685.741 4061.309 0.000 0.000 0.000 1000000161175145414656.000
5950.460 3728.276 3842.721 0.000 0.000 0.000 999999051944254767104.000
7485.837 3652.110 1149.419 0.000 0.000 0.000 1000001619531859886080.000
4870.416 8265.065 8124.625 0.000 0.000 0.000 999999495399258456064.000
2958.830 8576.553 3845.209 0.000 0.000 0.000 1000000166099635142656.000
3356.525 5688.158 2320.012 0.000 0.000 0.000 999999212559728508928.000
1088.212 5918.855 2121.354 0.000 0.000 0.000 999999767261364879360.000
2960.619 1719.287 9067.620 0.000 0.000 0.000 1000000961862386188288.000
8930.766 6325.241 9753.534 0.000 0.000 0.000 999999583836391079936.000
6162.923 1149.142 6556.300 0.000 0.000 0.000 1000000679849357475840.000
3963.564 283.496 5348.056 0.000 0.000 0.000 999999342170327482368.000
5827.494 8388.431 9562.495 0.000 0.000 0.000 1000000656379561115648.000
1752.447 8308.313 8132.633 0.000 0.000 0.000 999999746886556319744.000
6739.850 3298.704 6799.951 0.000 0.000 0.000 999999766094480932864.000
7134.339 2707.373 7888.153 0.000 0.000 0.000 1000000667678769152000.000
216.434 6296.669 8995.113 0.000 0.000 0.000 1000001726735435825152.000
2579.205 3399.163 9189.876 0.000 0.000 0.000 1000000231455481004032.000
6803.578 1978.409 8339.519 0.000 0.000 0.000 999999691049108504576.000
14.713 645.489 7830.739 0.000 0.000 0.000 999999887599423062016.000
5844.719 3770.019 2542.972 0.000 0.000 0.000 1000000969224061452288.000
913.833 4460.187 1087.957 0.000 0.000 0.000 999998243533224280064.000
9307.171 3842.814 2943.880 0.000 0.000 0.000 1000000205046016245760.000
7338.105 9822.339 3485.683 0.000 0.000 0.000 999999717162002677760.000
1493.037 4018.291 7577.666 0.000 0.000 0.000 999998369517092339712.000
8864.348 1280.798 1390.336 0.000 0.000 0.000 999999832213482242048.000
8582.871 5833.581 9494.661 0.000 0.000 0.000 1000000329698810789888.000
4337.593 3994.650 2387.164 0.000 0.000 0.000 1000000303330730704896.000
5401.576 7315.910 3216.879 0.000 0.000 0.000 1000000338335430868992.000
4364.774 1763.163 57.543 0.000 0.000 0.000 999999540734298423296.000
4228.741 3271.939 3681.374 0.000 0.000 0.000 1000000212538961035264.000
9083.958 1067.591 9660.282 0.000 0.000 0.000 999997870033298915328.000
7879.303 7559.654 8447.485 0.000 0.000 0.000 999998723942239305728.000
2337.495 3805.347 6831.651 0.000 0.000 0.000 1000000984245975646208.000
6045.434 4776.628 2080.394 0.000 0.000 0.000 1000000993114037288960.000
2166.896 4954.123 6837.743 0.000 0.000 0.000 999999198122262396928.000
728.162 8026.167 4009.687 0.000 0.000 0.000 999999315890702123008.000
9205.052 6646.280 4891.425 0.000 0.000 0.000 999999534654231543808.000
2890.542 8097.823 2808.348 0.000 0.000 0.000 1000001172094162960384.000
9180.898 3390.418 3911.439 0.000 0.000 0.000 999999013939949338624.000
6963.276 8867.373 604.634 0.000 0.000 0.000 1000000237165386661888.000
1717.738 8731.621 6869.792 0.000 0.000 0.000 999999780188298412032.000
3959.230 36.659 843.379 0.000 0.000 0.000 1000000062705665441792.000
6493.410 6829.340 1651.192 0.000 0.000 0.000 999999342236898689024.000
3405.619 7143.018 223.844 0.000 0.000 0.000 999999586376259076096.000
3254.601 2245.731 5194.108 0.000 0.000 0.000 1000001305063377862656.000
5442.069 8574.984 1238.441 0.000 0.000 0.000 999999887280445849600.000
7770.167 263.412 2439.952 0.000 0.000 0.000 999997286178534719488.000
3370.564 1827.552 6111.070 0.000 0.000 0.000 999999935921333993472.000
446.374 8967.860 1883.877 0.000 0.000 0.000 999999437155566878720.000
5779.773 114.336 6885.874 0.000 0.000 0.000 999999067893595635712.000
7505.282 1532.854 4417.122 0.000 0.000 0.000 999999477119078105088.000
877.259 9987.178 2206.140 0.000 0.000 0.000 999999584418276966400.000
9154.244 1995.452 7248.345 0.000 0.000 0.000 999998563125857353728.000
8458.872 220.608 3471.244 0.000 0.000 0.000 1000000928735560335360.000
6867.726 5694.462 5406.848 0.000 0.000 0.000 999998720479258345472.000
7319.874 6551.808 2565.495 0.000 0.000 0.000 999998954823090831360.000
5536.279 6968.097 6345.400 0.000 0.000 0.000 999999628846523219968.000
987.660 9696.562 3246.540 0.000 0.000 0.000 1000000212893859184640.000
3455.909 5289.656 6877.508 0.000 0.000 0.000 1000001133105273372672.000
4581.046 6154.458 3649.045 0.000 0.000 0.000 999999107397365792768.000
1056.279 5806.566 1851.610 0.000 0.000 0.000 1000001509535025725440.000
8925.257 6071.646 4498.058 0.000 0.000 0.000 1000001293234524127232.000
6465.229 4057.144 3512.512 0.000 0.000 0.000 999998993464789565440.000
597.833 657.333 7145.170 0.000 0.000 0.000 1000001163183694544896.000
2714.477 6082.334 6123.765 0.000 0.000 0.000 999998713903574679552.000
789.709 3797.428 3607.224 0.000 0.000 0.000 999999957681328357376.000
5942.400 4794.973 3824.744 0.000 0.000 0.000 1000000217401476644864.000
5495.300 3586.927 28.021 0.000 0.000 0.000 1000000681635677339648.000
5316.752 2335.111 7908.176 0.000 0.000 0.000 999999670217741434880.000
7551.379 6019.231 6903.738 0.000 0.000 0.000 1000001295084847497216.000
6678.931 7762.201 7549.190 0.000 0.000 0.000 1000000553967723479040.000
2317.800 3750.564 2510.662 0.000 0.000 0.000 999999963105884504064.000
62.511 1508.964 7932.031 0.000 0.000 0.000 1000001497104545873920.000
1512.545 3857.666 771.747 0.000 0.000 0.000 999998605496796053504.000
7535.143 9674.128 5893.742 0.000 0.000 0.000 999999910045110501376.000
9609.067 8560.299 5706.045 0.000 0.000 0.000 999997603330804809728.000
6087.467 3193.735 706.864 0.000 0.000 0.000 999999690277444255744.000
1383.379 9850.800 1014.817 0.000 0.000 0.000 999999083575694852096.000
3808.690 6243.887 477.571 0.000 0.000 0.000 999999378351864152064.000
2114.900 7939.944 5692.275 0.000 0.000 0.000 1000000011392183042048.000
280.865 6786.286 7160.775 0.000 0.000 0.000 1000000513627625881600.000
2628.936 3429.591 7473.998 0.000 0.000 0.000 1000000236330670620672.000
6809.377 961.210 3429.746 0.000 0.000 0.000 999998337534097883136.000
8605.803 3237.926 4867.377 0.000 0.000 0.000 999997086238387208192.000
2003.217 3529.234 7790.240 0.000 0.000 0.000 999999642567696842752.000
6707.217 4768.932 5770.020 0.000 0.000 0.000 999999786271205097472.000
2330.277 969.544 1014.744 0.000 0.000 0.000 1000001319350003171328.000
2560.866 2482.309 6428.952 0.000 0.000 0.000 999999305727987154944.000
1913.740 5138.049 9842.431 0.000 0.000 0.000 1000000078480583294976.000
7787.746 6631.407 2797.034 0.000 0.000 0.000 999999736799125307392.000
4145.511 1312.295 3794.781 0.000 0.000 0.000 1000001517879952146432.000
253.514 2803.945 3293.394 0.000 0.000 0.000 999999512740804034560.000
1070.216 6552.069 2661.186 0.000 0.000 0.000 999999293234384338944.000
7715.348 7707.544 6617.491 0.000 0.000 0.000 999998722856156135424.000
316.291 8684.894 7561.969 0.000 0.000 0.000 999999655561421127680.000
2245.815 5922.120 2225.083 0.000 0.000 0.000 1000000137309046833152.000
6306.009 120.346 6667.324 0.000 0.000 0.000 999997938229536096256.000
3371.832 8996.985 7479.357 0.000 0.000 0.000 999998503035274788864.000
877.741 8751.123 5096.629 0.000 0.000 0.000 999999924699707211776.000
2929.452 9367.797 8183.454 0.000 0.000 0.000 1000000227395997794304.000
4547.059 2619.350 6384.036 0.000 0.000 0.000 1000001605946837696512.000
2071.501 4864.881 8835.130 0.000 0.000 0.000 999999281979133263872.000
3505.762 4654.982 6084.772 0.000 0.000 0.000 1000000011718637518848.000
518.851 5988.670 8812.064 0.000 0.000 0.000 999999964333123567616.000
1181.850 6163.948 7536.268 0.000 0.000 0.000 999997849834765287424.000
1423.300 1621.188 3153.870 0.000 0.000 0.000 1000001481550443053056.000
2288.346 1106.590 1782.882 0.000 0.000 0.000 1000001065208554061824.000
368.670 2898.942 8413.066 0.000 0.000 0.000 999999221167388884992.000
8890.447 0.233 1520.612 0.000 0.000 0.000 1000000972526505820160.000
4174.453 9880.016 4093.740 0.000 0.000 0.000 1000000079080698019840.000
3513.042 7354.369 2857.274 0.000 0.000 0.000 999998832246310699008.000
6197.060 1396.217 5113.771 0.000 0.000 0.000 1000000525523143622656.000
4759.209 6615.882 8904.614 0.000 0.000 0.000 999999113821946642432.000
6663.848 8207.801 2523.627 0.000 0.000 0.000 1000000000328774451200.000
8100.253 896.662 3708.071 0.000 0.000 0.000 1000000483679826870272.000
8416.634 4117.484 7637.519 0.000 0.000 0.000 999999419297345175552.000
1466.675 1652.612 7107.314 0.000 0.000 0.000 999998803381391982592.000
1832.605 5478.386 6109.458 0.000 0.000 0.000 1000001223887332573184.000
707.769 9802.932 6303.259 0.000 0.000 0.000 999998924414348034048.000
3752.789 8725.010 2562.488 0.000 0.000 0.000 999999716945325457408.000
4649.593 753.854 3140.197 0.000 0.000 0.000 1000000783879181959168.000
3600.825 6354.238 5988.149 0.000 0.000 0.000 999999562865578737664.000
7123.628 5685.259 7750.003 0.000 0.000 0.000 1000002390217995190272.000
5150.007 8104.322 5868.555 0.000 0.000 0.000 999998249773158760448.000
5503.768 5845.716 8399.858 0.000 0.000 0.000 999999131231822282752.000
8016.981 2590.367 2818.878 0.000 0.000 0.000 999997720747943395328.000
2543.419 6376.872 6952.566 0.000 0.000 0.000 1000001078784445644800.000
9891.080 4559.404 611.851 0.000 0.000 0.000 999998980189592485888.000
6266.561 5227.340 3350.373 0.000 0.000 0.000 999999878583549558784.000
916.742 7043.435 5580.634 0.000 0.000 0.000 999999821841626824704.000
7107.623 5899.451 1175.653 0.000 0.000 0.000 1000001002871786831872.000
5868.879 1388.703 331.478 0.000 0.000 0.000 1000000684013076086784.000
1754.251 9725.978 377.702 0.000 0.000 0.000 999999206684254535680.000
8730.767 3429.973 601.836 0.000 0.000 0.000 1000001691627612930048.000
2767.119 1097.378 4238.885 0.000 0.000 0.000 1000003009272479350784.000
3809.204 6798.718 3646.742 0.000 0.000 0.000 999999506435719954432.000
6813.241 1860.356 1891.138 0.000 0.000 0.000 1000000965675956043776.000
6467.906 7518.966 6786.171 0.000 0.000 0.000 1000000215987893829632.000
3729.917 5146.507 5730.689 0.000 0.000 0.000 1000000807268622401536.000
1586.882 926.739 3907.735 0.000 0.000 0.000 1000000453717118418944.000
9738.212 3729.939 9232.921 0.000 0.000 0.000 1000001833040566681600.000
5400.031 9662.469 7541.111 0.000 0.000 0.000 1000000065324752830464.000
1055.912 1729.936 3082.935 0.000 0.000 0.000 999998111749615910912.000
3663.521 8555.286 2331.372 0.000 0.000 0.000 1000001177354896408576.000
4492.338 393.042 1048.276 0.000 0.000 0.000 999999983300464214016.000
5151.589 5613.518 2825.752 0.000 0.000 0.000 999999066210207137792.000
1195.097 6849.600 5607.148 0.000 0.000 0.000 999999630600625061888.000
7588.257 7896.008 9987.597 0.000 0.000 0.000 1000001502467227648000.000
433.648 2379.546 6955.401 0.000 0.000 0.000 1000001339760001941504.000
851.990 3687.415 1866.201 0.000 0.000 0.000 999999430340082663424.000
7109.375 5933.814 8052.932 0.000 0.000 0.000 999999929515520557056.000
5798.779 8847.552 7042.902 0.000 0.000 0.000 1000000008140637995008.000
978.227 5949.263 5315.804 0.000 0.000 0.000 1000000512601218613248.000
558.565 3563.668 8216.663 0.000 0.000 0.000 1000000963223195353088.000
6725.104 1067.709 7438.056 0.000 0.000 0.000 1000001513661966581760.000
5260.917 8111.505 941.301 0.000 0.000 0.000 1000000594910701944832.000
2554.091 9122.822 5487.272 0.000 0.000 0.000 999999397025548599296.000
7005.113 856.169 1851.459 0.000 0.000 0.000 999998909170202312704.000
1775.525 2722.962 2979.646 0.000 0.000 0.000 999999563173938462720.000
3839.579 2310.246 1113.941 0.000 0.000 0.000 999999965290526146560.000
212.700 5404.116 8839.905 0.000 0.000 0.000 999999994911005081600.000
6249.657 291.504 9980.798 0.000 0.000 0.000 999997938213167824896.000
4934.773 6715.035 1016.930 0.000 0.000 0.000 1000001427115894374400.000
1280.663 3767.412 204.141 0.000 0.000 0.000 999998186898378326016.000
6873.292 9677.853 8746.222 0.000 0.000 0.000 999999263328010240000.000
3848.105 2852.613 3312.829 0.000 0.000 0.000 1000001125375756599296.000
5953.154 1921.597 3034.153 0.000 0.000 0.000 1000000022339838279680.000
2467.499 6399.055 2703.905 0.000 0.000 0.000 1000001692062140989440.000
8286.601 303.637 9263.423 0.000 0.000 0.000 999999988895033589760.000
2955.671 3727.604 8518.948 0.000 0.000 0.000 999999889583135522816.000
9017.643 6366.309 1667.124 0.000 0.000 0.000 999999574498107981824.000
8580.319 3891.200 1862.409 0.000 0.000 0.000 999999871349118337024.000
4227.477 6926.589 2834.268 0.000 0.000 0.000 999999819756058836992.000
5030.335 4215.292 7706.625 0.000 0.000 0.000 1000001353191732412416.000
9952.156 3232.820 4390.627 0.000 0.000 0.000 1000002575349642690560.000
2093.064 3466.725 3677.967 0.000 0.000 0.000 999999431317219049472.000
8530.535 3217.765 1741.219 0.000 0.000 0.000 1000000711492594565120.000
7761.897 7707.196 3880.449 0.000 0.000 0.000 1000000301582795145216.000
5352.214 2159.342 2697.777 0.000 0.000 0.000 999999659166715084800.000
6091.119 9566.406 9857.501 0.000 0.000 0.000 1000001022475220942848.000
4322.898 5038.875 2927.192 0.000 0.000 0.000 999999288073205972992.000
64.918 8649.594 1858.260 0.000 0.000 0.000 999998897559068213248.000
7010.473 8042.934 5813.025 0.000 0.000 0.000 1000000313938946686976.000
4010.846 6358.517 5686.024 0.000 0.000 0.000 999999270230782377984.000
8275.294 8517.749 9797.833 0.000 0.000 0.000 1000000473411550445568.000
2870.282 3933.793 6463.665 0.000 0.000 0.000 999999856623925985280.000
1818.342 5692.203 9167.012 0.000 0.000 0.000 1000000078110793138176.000
1378.516 7765.125 9165.636 0.000 0.000 0.000 1000001095892431667200.000
7900.839 5257.449 2478.696 0.000 0.000 0.000 999999676796505817088.000
9609.331 4729.682 7074.926 0.000 0.000 0.000 1000000511446247407616.000
1625.301 3152.679 7353.403 0.000 0.000 0.000 999999898352080912384.000
6648.227 7616.022 5257.404 0.000 0.000 0.000 999999601600159023104.000
9645.904 2587.203 166.859 0.000 0.000 0.000 999999104974530936832.000
53.536 5780.676 1212.096 0.000 0.000 0.000 1000000921416952578048.000
2255.102 7865.655 7173.598 0.000 0.000 0.000 1000000553278188945408.000
2561.962 3810.402 1031.159 0.000 0.000 0.000 1000000206880520798208.000
1529.816 4592.100 839.550 0.000 0.000 0.000 999998848353829519360.000
8098.797 3300.116 940.034 0.000 0.000 0.000 999999311497181265920.000
706.315 378.010 3558.801 0.000 0.000 0.000 1000000343112412299264.000
1217.049 4658.204 2961.167 0.000 0.000 0.000 999998950329399640064.000
763.079 4851.025 4081.030 0.000 0.000 0.000 1000000106153227452416.000
7728.242 9172.065 5065.526 0.000 0.000 0.000 1000001904346451410944.000
3636.001 8542.761 5040.449 0.000 0.000 0.000 1000001337098437394432.000
1787.101 2915.104 8303.866 0.000 0.000 0.000 1000000639089329438720.000
7380.807 6817.235 7145.236 0.000 0.000 0.000 1000001086703177564160.000
5618.544 9852.279 1233.966 0.000 0.000 0.000 999999391203613212672.000
1262.532 2134.949 6645.451 0.000 0.000 0.000 1000000876561973248000.000
4731.028 3819.235 4295.670 0.000 0.000 0.000 1000000995031843340288.000
4157.779 5092.765 8138.109 0.000 0.000 0.000 1000002607951947759616.000
8908.299 7522.362 8491.487 0.000 0.000 0.000 999999697064246902784.000
4106.089 222.613 7736.807 0.000 0.000 0.000 999999526730727686144.000
5833.171 7102.065 9796.281 0.000 0.000 0.000 999998039389039755264.000
4225.072 8450.078 5436.214 0.000 0.000 0.000 999999368970114170880.000
6191.904 3512.704 9545.317 0.000 0.000 0.000 1000000801675270553600.000
4148.322 8257.641 2480.499 0.000 0.000 0.000 1000000288954750992384.000
7185.038 4793.444 876.004 0.000 0.000 0.000 999999367817872015360.000
908.963 9781.303 8793.810 0.000 0.000 0.000 1000001063896552833024.000
816.426 3355.739 3916.182 0.000 0.000 0.000 1000001197345121632256.000
8848.895 2608.885 122.422 0.000 0.000 0.000 999999436050024103936.000
8150.745 6642.129 1828.077 0.000 0.000 0.000 999999096097049280512.000
259.346 201.028 9597.881 0.000 0.000 0.000 1000002104395361681408.000
7160.181 6488.153 6081.453 0.000 0.000 0.000 1000001126936905252864.000
859.658 2890.062 6963.251 0.000 0.000 0.000 999999570754040102912.000
2812.308 6957.739 4522.344 0.000 0.000 0.000 1000001401579474649088.000
2370.169 4943.861 4242.316 0.000 0.000 0.000 999999250166676455424.000
7634.677 3066.268 154.962 0.000 0.000 0.000 999999919931879981056.000
1730.800 70.992 8722.562 0.000 0.000 0.000 999999774880058572800.000
4551.619 1174.212 3983.542 0.000 0.000 0.000 999999802183851704320.000
6567.826 5817.611 4998.920 0.000 0.000 0.000 1000000796095667240960.000
1402.780 5361.623 9970.818 0.000 0.000 0.000 1000000071328149536768.000
6236.379 9004.901 3053.919 0.000 0.000 0.000 1000000210799886073856.000
6053.724 5613.119 5336.723 0.000 0.000 0.000 1000000070654482579456.000
2828.580 1686.689 2347.004 0.000 0.000 0.000 999999402576940367872.000
7283.864 5346.231 7652.604 0.000 0.000 0.000 999999586037364686848.000
8568.062 1914.792 9068.652 0.000 0.000 0.000 1000000163885603356672.000
1692.893 2789.354 5200.175 0.000 0.000 0.000 1000000326439528038400.000
9163.854 4156.412 3903.077 0.000 0.000 0.000 999998561660012199936.000
5502.369 116.776 8299.638 0.000 0.000 0.000 1000001075580710289408.000
5340.026 4493.221 3022.378 0.000 0.000 0.000 1000000291660631769088.000
9845.818 8787.324 8634.299 0.000 0.000 0.000 999998209527883890688.000
9725.021 2102.558 796.858 0.000 0.000 0.000 1000000805804632178688.000
6001.377 2763.210 5281.989 0.000 0.000 0.000 1000000385258715742208.000
2090.195 8939.266 136.782 0.000 0.000 0.000 999999256873715236864.000
5394.193 9415.799 2813.801 0.000 0.000 0.000 1000000334718016684032.000
7718.085 6801.626 5000.098 0.000 0.000 0.000 999998893782121840640.000
2689.632 7546.722 2820.737 0.000 0.000 0.000 999999783384328306688.000
9632.835 7088.287 5050.463 0.000 0.000 0.000 1000001258400745390080.000
9523.849 7561.223 2941.752 0.000 0.000 0.000 999999769195352948736.000
6568.457 9338.021 637.785 0.000 0.000 0.000 999999688460417236992.000
1205.104 6342.502 907.669 0.000 0.000 0.000 1000000628080135241728.000
6493.175 7942.566 4182.315 0.000 0.000 0.000 1000000931986688442368.000
8347.061 2644.227 5790.043 0.000 0.000 0.000 999999532716661932032.000
3933.920 7406.718 5188.881 0.000 0.000 0.000 999997961115518894080.000
8840.028 65.890 8531.907 0.000 0.000 0.000 1000002088792927502336.000
9821.043 8749.522 7703.098 0.000 0.000 0.000 1000000262948790468608.000
1370.219 9136.001 7648.164 0.000 0.000 0.000 1000000820764358606848.000
7258.941 9796.847 2384.533 0.000 0.000 0.000 1000000376138589011968.000
5467.684 6905.576 1997.138 0.000 0.000 0.000 999999300183525818368.000
2465.441 2321.996 9547.160 0.000 0.000 0.000 1000000533674000252928.000
6321.383 5570.003 1234.828 0.000 0.000 0.000 1000000131652241457152.000
4199.312 8549.298 8499.876 0.000 0.000 0.000 999998744214924296192.000
2611.825 1749.211 4259.757 0.000 0.000 0.000 1000000386752227311616.000
4204.747 4393.695 3463.956 0.000 0.000 0.000 999998148675134029824.000
5266.255 7088.948 9246.673 0.000 0.000 0.000 1000000221863048118272.000
2514.224 2303.973 6687.387 0.000 0.000 0.000 999997765529049104384.000
357.738 2065.374 5629.554 0.000 0.000 0.000 999999776039686766592.000
8055.807 1779.790 4232.953 0.000 0.000 0.000 1000000745521539186688.000
7844.655 4857.201 8100.473 0.000 0.000 0.000 1000000200042828005376.000
2077.040 6558.716 1904.291 0.000 0.000 0.000 1000001062888732491776.000
4239.255 8913.106 4957.661 0.000 0.000 0.000 1000000384838070697984.000
1717.377 1244.410 7542.019 0.000 0.000 0.000 1000000012797358637056.000
5733.262 3088.200 2877.608 0.000 0.000 0.000 999999401354774446080.000
5717.199 6332.530 1617.410 0.000 0.000 0.000 1000000597799105855488.000
1747.538 7136.032 5933.230 0.000 0.000 0.000 999999573619727007744.000
9956.251 5491.225 3343.368 0.000 0.000 0.000 1000000790933257191424.000
2057.844 2334.579 6769.469 0.000 0.000 0.000 1000000716272034906112.000
4504.922 9677.638 8509.745 0.000 0.000 0.000 1000000301831909277696.000
1796.671 9017.996 5760.717 0.000 0.000 0.000 999999450754027225088.000
4696.183 2884.854 796.367 0.000 0.000 0.000 1000000777174114893824.000
8100.685 4565.063 5768.760 0.000 0.000 0.000 999998794747921170432.000
5065.140 522.536 6118.258 0.000 0.000 0.000 1000000902797136494592.000
476.498 4498.546 2372.282 0.000 0.000 0.000 999999633694993547264.000
2731.508 641.737 6809.040 0.000 0.000 0.000 1000001056322831253504.000
1624.016 925.025 7181.863 0.000 0.000 0.000 1000000433958733217792.000
1000.212 7955.265 8223.037 0.000 0.000 0.000 1000000123859119112192.000
8716.964 1461.415 8437.755 0.000 0.000 0.000 999998836155895513088.000
89.547 1511.099 4399.218 0.000 0.000 0.000 1000000045778576605184.000
5977.946 1444.528 2761.795 0.000 0.000 0.000 999999275923578028032.000
9716.117 5540.886 93.205 0.000 0.000 0.000 999998949856050937856.000
3700.838 9338.481 550.754 0.000 0.000 0.000 1000001517564820717568.000
4279.098 6961.745 3952.452 0.000 0.000 0.000 999998832903124156416.000
642.258 3702.191 1525.041 0.000 0.000 0.000 999998401652027949056.000
7966.446 8556.824 2594.430 0.000 0.000 0.000 1000000980556878315520.000
2470.184 6721.359 1387.906 0.000 0.000 0.000 999999899953360404480.000
8104.521 6875.259 6528.525 0.000 0.000 0.000 1000001274638091550720.000
3969.839 4062.085 1092.955 0.000 0.000 0.000 1000001118452146241536.000
9342.317 3628.576 4485.862 0.000 0.000 0.000 1000000663162624540672.000
8716.963 4489.048 4898.712 0.000 0.000 0.000 999999032840701083648.000
1684.082 8503.819 6628.554 0.000 0.000 0.000 1000000000647706181632.000
8940.104 7393.985 9174.891 0.000 0.000 0.000 999999216863596380160.000
6674.202 9876.218 7794.534 0.000 0.000 0.000 999999621924849582080.000
3812.529 5094.949 4350.115 0.000 0.000 0.000 1000001805632592805888.000
9993.345 27.088 3288.768 0.000 0.000 0.000 999998850562194538496.000
314.573 513.045 1395.093 0.000 0.000 0.000 1000000231960526716928.000
9862.315 5048.774 8416.292 0.000 0.000 0.000 999999849730014183424.000
766.324 6571.864 235.113 0.000 0.000 0.000 999999792890125221888.000
3981.695 6704.410 4446.993 0.000 0.000 0.000 999999375131764588544.000
6247.370 3260.110 672.582 0.000 0.000 0.000 1000000973321225764864.000
1220.300 7268.088 5171.991 0.000 0.000 0.000 999999363664420012032.000
8711.346 2491.609 2760.234 0.000 0.000 0.000 1000000709359232090112.000
8225.786 1964.911 7634.106 0.000 0.000 0.000 1000000658824861712384.000
1928.415 5304.696 8111.983 0.000 0.000 0.000 1000000046105450512384.000
2341.016 3910.726 7576.507 0.000 0.000 0.000 999998823863389257728.000
9248.965 7728.892 1002.516 0.000 0.000 0.000 999999764498309185536.000
346.763 4046.583 6809.746 0.000 0.000 0.000 999998283028380254208.000
8916.745 9403.390 1126.291 0.000 0.000 0.000 1000000488691766132736.000
4841.029 9815.859 7160.069 0.000 0.000 0.000 1000000183724906119168.000
8588.592 4520.967 1217.086 0.000 0.000 0.000 999998060082482511872.000
3062.736 1138.348 7236.505 0.000 0.000 0.000 1000000606793299001344.000
3784.406 164.025 411.823 0.000 0.000 0.000 999998797033791291392.000
3853.046 8417.804 3574.437 0.000 0.000 0.000 1000002242777517916160.000
8182.390 9399.683 3854.632 0.000 0.000 0.000 999999192799211028480.000
2510.687 1330.609 3354.172 0.000 0.000 0.000 999999774691898556416.000
5995.434 9814.342 4309.662 0.000 0.000 0.000 999999846783080726528.000
5332.978 501.343 6795.662 0.000 0.000 0.000 999999072478710202368.000
6344.772 5528.661 3793.511 0.000 0.000 0.000 999999950861230276608.000
8015.070 5019.412 7760.306 0.000 0.000 0.000 1000002060004549984256.000
1012.368 1257.506 8214.767 0.000 0.000 0.000 1000000529971861127168.000
841.961 7368.376 6630.021 0.000 0.000 0.000 999998134180227842048.000
6781.618 8456.161 2293.642 0.000 0.000 0.000 999999758706520227840.000
2941.182 7359.694 2070.028 0.000 0.000 0.000 999999497665088454656.000
4856.309 1440.993 5769.443 0.000 0.000 0.000 1000000613414007472128.000
8372.213 8615.486 5545.628 0.000 0.000 0.000 1000000795248572104704.000
8305.946 7864.328 8842.806 0.000 0.000 0.000 999998967137493581824.000
1907.728 7370.317 8047.455 0.000 0.000 0.000 999999881061833113600.000
5132.314 3109.188 7595.659 0.000 0.000 0.000 1000000013334407938048.000
2234.811 3287.012 4495.783 0.000 0.000 0.000 999999005693553410048.000
3096.690 6308.798 5857.279 0.000 0.000 0.000 999999365771014307840.000
4125.094 9362.011 7056.746 0.000 0.000 0.000 999999681672413315072.000
8254.604 7263.569 5482.845 0.000 0.000 0.000 999999338654111891456.000
7019.298 2080.993 9175.709 0.000 0.000 0.000 999999727333102977024.000
1552.571 1829.458 2723.047 0.000 0.000 0.000 1000000237356718489600.000
2428.351 2343.666 3002.990 0.000 0.000 0.000 1000000216535463755776.000
7506.700 1047.073 3421.448 0.000 0.000 0.000 1000000526735689252864.000
2337.565 9846.187 9282.012 0.000 0.000 0.000 999999232059971207168.000
7868.872 2124.762 7352.780 0.000 0.000 0.000 999999796787697942528.000
7717.606 3823.175 2439.975 0.000 0.000 0.000 1000000804103676755968.000
6210.634 9917.185 7748.893 0.000 0.000 0.000 999998872230430507008.000
9045.250 5714.014 7170.391 0.000 0.000 0.000 1000001211495549108224.000
6423.412 7310.274 7232.369 0.000 0.000 0.000 1000000127802760495104.000
29.755 4443.540 4909.431 0.000 0.000 0.000 1000000526132072546304.000
1885.869 6043.656 6618.757 0.000 0.000 0.000 999998762078112710656.000
9146.502 692.094 1841.770 0.000 0.000 0.000 999999781489428791296.000
2204.388 1549.557 910.911 0.000 0.000 0.000 999999596759891574784.000
309.860 763.607 9937.194 0.000 0.000 0.000 1000000889495214227456.000
634.752 7541.412 3645.175 0.000 0.000 0.000 999999868908767805440.000
7532.874 373.169 6664.580 0.000 0.000 0.000 1000000485746994970624.000
5710.758 3470.510 3270.547 0.000 0.000 0.000 1000000761458917113856.000
7905.944 7329.149 1476.844 0.000 0.000 0.000 999999811710815567872.000
7238.972 6010.978 870.207 0.000 0.000 0.000 1000000161391486697472.000
2846.215 2895.229 8862.513 0.000 0.000 0.000 1000000659516025339904.000
9495.930 7642.711 7538.137 0.000 0.000 0.000 999999492495152775168.000
2434.998 2358.099 8198.870 0.000 0.000 0.000 1000000009997213368320.000
7964.239 7570.167 5303.083 0.000 0.000 0.000 1000001183033776406528.000
9141.750 7471.277 7716.018 0.000 0.000 0.000 999998682520875696128.000
1873.299 5200.548 1700.875 0.000 0.000 0.000 1000002254085548933120.000
7168.320 3686.817 9679.853 0.000 0.000 0.000 1000000230829809467392.000
3773.216 6113.366 9105.131 0.000 0.000 0.000 999999613486930067456.000
3425.257 4068.701 1948.872 0.000 0.000 0.000 1000000009278429200384.000
338.295 2662.165 581.006 0.000 0.000 0.000 999999955828377780224.000
